embed is Embedding(149, 256)
max len is 61
max len is 54001
input shape initially is tensor([[13, 42, 45, 31, 58, 64, 48, 47, 64, 10, 55, 40, 64, 34, 39, 28, 31, 64,
         47, 42, 64, 46, 32, 32, 64, 52, 42, 48, 64, 28, 34, 28, 36, 41, 58, 64,
         17, 35, 36, 39, 60, 64,  0,  0,  0,  0,  0,  0,  0,  0,  0,  0,  0,  0,
          0,  0,  0,  0,  0,  0,  0],
        [ 7, 42, 45, 64, 47, 35, 32, 64, 47, 50, 32, 41, 47, 36, 32, 47, 35, 64,
         47, 36, 40, 32, 64, 47, 35, 28, 47, 64, 32, 49, 32, 41, 36, 41, 34, 64,
         47, 35, 32, 64, 47, 50, 42, 64, 40, 32, 41, 64, 46, 35, 42, 42, 38, 64,
         35, 28, 41, 31, 46, 60, 64],
        [15, 42, 47, 64, 28, 47, 64, 47, 35, 36, 46, 64, 43, 28, 45, 47, 36, 30,
         48, 39, 28, 45, 64, 30, 28, 46, 32, 58, 64, 21, 42, 40, 58, 64, 28, 43,
         42, 39, 42, 34, 36, 53, 32, 31, 64, 24, 35, 36, 47, 47, 32, 40, 42, 45,
         32, 60, 64,  0,  0,  0,  0],
        [ 9, 32, 64, 47, 48, 45, 41, 32, 31, 64, 46, 35, 28, 45, 43, 39, 52, 58,
         64, 28, 41, 31, 64, 33, 28, 30, 32, 31, 64,  8, 45, 32, 34, 46, 42, 41,
         64, 28, 30, 45, 42, 46, 46, 64, 47, 35, 32, 64, 47, 28, 39, 32, 60, 64,
          0,  0,  0,  0,  0,  0,  0]]) torch.Size([4, 61])
input shape after transpose torch.Size([4, 256, 61])
prenet out is torch.Size([4, 128, 61])
received prenet info torch.Size([4, 128, 61])
cbhg out is torch.Size([4, 61, 256])
done with memory cbhg over prenet torch.Size([4, 61, 256])
prenet out is torch.Size([4, 128, 275])
dec input shaoe is torch.Size([4, 128, 275])
previous output is torch.Size([4, 128])
got mel_output torch.Size([4, 80, 275])
