ouput is tensor([[[-0.1150,  0.0064],
         [-0.2331,  0.2573],
         [ 0.4843,  0.1120],
         [ 0.4926, -0.3395],
         [-0.5402, -0.3474],
         [-0.6682, -0.2744],
         [ 0.2188, -0.9158],
         [-0.3051, -0.7346],
         [-0.8158, -0.3336],
         [ 0.2605,  0.2893]],

        [[ 0.5171,  0.5152],
         [ 0.3983,  0.0130],
         [ 0.5960, -0.6045],
         [ 0.0480, -0.8477],
         [ 0.2284, -0.7113],
         [-0.0251,  0.5663],
         [-0.4481, -0.0338],
         [ 0.5167,  0.3789],
         [-0.1392,  0.7485],
         [ 0.2255, -0.4478]],

        [[-0.7383,  1.0065],
         [ 0.0015, -0.5575],
         [-0.8692,  1.1332],
         [-0.5160,  0.2391],
         [ 0.1034,  0.6818],
         [-0.2807,  0.2329],
         [-0.8255,  0.2126],
         [ 1.1538, -1.8187],
         [ 0.0777, -0.8739],
         [-0.3152,  0.3944]],

        [[ 0.2995,  0.5204],
         [ 0.0322,  0.1388],
         [ 0.3577,  0.2391],
         [-0.0324, -0.9374],
         [-0.3475, -0.1107],
         [-0.4367,  0.2812],
         [-0.4308, -0.5742],
         [ 0.3454, -0.0372],
         [ 0.0845,  0.4519],
         [ 0.6981,  0.3396]],

        [[-1.0866,  0.5776],
         [ 0.4943,  0.1114],
         [-0.3385,  0.5910],
         [ 0.5873, -0.3002],
         [-1.2324,  0.4102],
         [-0.7173, -0.7972],
         [ 0.1860, -0.6869],
         [-0.0568, -0.3661],
         [ 0.1738, -1.1812],
         [ 0.2006,  0.4316]],

        [[-0.3900, -0.1915],
         [ 0.5175, -0.3066],
         [-0.4046, -0.0337],
         [-0.2008,  0.9199],
         [ 0.4961, -0.1005],
         [-0.6604,  0.0490],
         [-1.2168, -0.9406],
         [ 0.1883,  0.1765],
         [-0.9769,  0.5299],
         [ 0.4476, -0.4953]],

        [[ 0.2089, -0.2346],
         [ 0.2192,  0.0230],
         [ 0.4901, -0.3310],
         [ 0.1291,  0.1664],
         [ 0.5761,  0.0621],
         [-0.5779, -0.0623],
         [-0.6718, -0.2676],
         [ 1.4165,  0.5565],
         [ 0.2085, -0.6727],
         [-0.8036, -0.9088]]], grad_fn=<SqueezeBackward1>)
